41
0 1 2700
1 27 2700
1 2 2700
2 3 2700
3 4 2700
5 3 2700
5 11 2700
4 11 2700
4 9 2700
6 8 2700
10 5 2700
10 7 2700
10 26 2700
11 9 2700
11 6 2700
7 6 2700
7 22 2700
8 12 2700
8 13 2700
9 12 2700
12 14 2700
13 18 2700
14 15 2700
15 13 2700
15 16 2700
14 17 2700
16 17 2700
16 37 2700
17 20 2700
37 20 2700
37 19 2700
18 21 2700
18 19 2700
19 39 2700
20 39 2700
22 21 2700
21 33 2700
39 33 2700
33 38 2700
38 36 2700
21 31 2700
23 22 2700
24 40 2700
24 23 2700
25 24 2700
25 35 2700
31 38 2700
40 31 2700
40 32 2700
32 36 2700
32 34 2700
34 36 2700
26 25 2700
27 29 2700
27 10 2700
29 28 2700
28 30 2700
28 25 2700
30 35 2700
35 34 2700